inc ->  [51, 54, 57, 60, 61, 64, 67]

dec ->  [54, 56, 57, 58, 60, 60]        
dec ->  [41, 44, 45, 46, 48, 50, 54]    
dec ->  [62, 64, 67, 69, 72, 79]        
dec ->  [57, 58, 61, 62, 63, 61, 64]    
inc ->  [81, 84, 82, 84, 87, 85]        
dec ->  [69, 70, 71, 73, 74, 74, 76]    
inc ->  [77, 80, 82, 85, 91, 93, 90]    
dec ->  [77, 75, 76, 77, 80, 83, 85, 88]
dec ->  [18, 17, 18, 19, 20, 18]        
inc ->  [88, 87, 88, 91, 96, 97, 96]    
dec ->  [27, 27, 30, 33, 34]
inc ->  [4, 4, 7, 9, 10, 13, 16, 13]
inc ->  [28, 28, 30, 32, 35, 35, 33]
inc ->  [54, 54, 57, 60, 62, 69, 67]
inc ->  [37, 41, 42, 45, 47, 50, 53, 50]
inc ->  [58, 62, 62, 64, 66, 65]
inc ->  [40, 44, 46, 50, 51, 54, 56, 53]
inc ->  [26, 30, 31, 37, 34]
inc ->  [43, 49, 51, 54, 55, 53]
inc ->  [6, 13, 15, 12, 14, 17, 19, 17]
inc ->  [73, 80, 80, 83, 86, 84]
inc ->  [57, 62, 64, 66, 68, 69, 73, 71]
inc ->  [41, 46, 47, 53, 51]
inc ->  [23, 20, 18, 16, 14, 11, 9, 11]
inc ->  [36, 33, 31, 30, 28, 26, 24, 24]
inc ->  [58, 56, 54, 51, 53, 49]
inc ->  [50, 47, 46, 46, 45, 42, 39]
inc ->  [75, 76, 75, 73, 72, 71]
dec ->  [14, 15, 12, 11, 14]
dec ->  [89, 90, 87, 84, 81, 80, 78, 78]
dec ->  [54, 57, 54, 51, 47]
dec ->  [62, 65, 62, 60, 57, 54, 53, 48]
dec ->  [95, 97, 94, 97, 94]
dec ->  [7, 10, 8, 10, 11]
dec ->  [67, 70, 69, 71, 64]
dec ->  [68, 69, 69, 67, 65, 62, 59, 58]
dec ->  [80, 81, 80, 77, 77, 75, 75]
dec ->  [95, 97, 95, 93, 92, 92, 88]
dec ->  [67, 69, 69, 66, 59]
dec ->  [70, 72, 71, 69, 66, 62, 59]
dec ->  [34, 37, 33, 30, 29, 30]
dec ->  [65, 68, 66, 62, 61, 60, 59, 59]
dec ->  [54, 56, 55, 52, 48, 47, 44, 40]
dec ->  [66, 69, 67, 65, 61, 58, 52]
dec ->  [86, 87, 81, 80, 78, 75]
dec ->  [80, 82, 77, 76, 79]
dec ->  [33, 34, 28, 26, 24, 23, 20, 16]
dec ->  [28, 30, 27, 24, 23, 18, 16, 9]
inc ->  [67, 67, 64, 63, 62, 59, 58]
inc ->  [88, 84, 83, 82, 80, 78]
inc ->  [81, 75, 73, 71, 69, 67, 65]
inc ->  [72, 67, 70, 67, 65]
inc ->  [9, 12, 14, 17, 19, 21, 19]
dec ->  [9, 10, 11, 14, 16, 19, 21, 21]
dec ->  [26, 27, 28, 31, 33, 37]
dec ->  [70, 71, 72, 73, 75, 78, 81, 87]
dec ->  [2, 3, 4, 5, 3, 5, 6]
dec ->  [88, 90, 90, 91, 94]
inc ->  [29, 30, 30, 31, 34, 36, 39, 38]
inc ->  [11, 13, 15, 19, 21, 20]
inc ->  [81, 84, 91, 94, 93]
dec ->  [56, 54, 57, 59, 61, 62, 63, 64]
dec ->  [71, 69, 70, 71, 72, 70, 73, 74]
inc ->  [29, 28, 29, 27, 25]
inc ->  [78, 77, 78, 81, 83, 83, 86, 85]
inc ->  [82, 80, 81, 85, 87, 89, 86]
inc ->  [72, 70, 72, 74, 80, 77]
dec ->  [48, 48, 49, 51, 52, 54]
inc ->  [87, 87, 88, 90, 91, 92, 91]
inc ->  [95, 95, 97, 96, 97]
inc ->  [81, 81, 82, 85, 82, 85, 83]
inc ->  [5, 5, 6, 10, 8]
inc ->  [7, 7, 9, 15, 18, 17]
inc ->  [16, 20, 23, 24, 23]
dec ->  [74, 78, 77, 78, 79, 80, 81, 79]
inc ->  [72, 76, 78, 78, 79, 82, 84, 82]
inc ->  [36, 40, 44, 46, 48, 51, 53, 52]
inc ->  [74, 78, 79, 82, 87, 89, 88]
inc ->  [1, 6, 8, 10, 11, 13, 16, 13]
inc ->  [90, 96, 94, 95, 96, 98, 97]
inc ->  [58, 64, 67, 67, 70, 73, 72]
inc ->  [44, 49, 51, 53, 57, 60, 59]
inc ->  [32, 38, 40, 45, 44]
inc ->  [34, 32, 31, 30, 29, 27, 30]
inc ->  [91, 89, 86, 84, 81, 81]
inc ->  [29, 28, 27, 25, 26, 25, 22, 20]
inc ->  [49, 46, 45, 45, 44, 43]
inc ->  [90, 91, 88, 86, 84, 83, 82]
inc ->  [30, 32, 31, 29, 26, 28]
inc ->  [34, 37, 35, 33, 31, 31]
dec ->  [69, 70, 69, 66, 64, 62, 59, 55]
dec ->  [48, 49, 46, 45, 40]
dec ->  [34, 35, 33, 31, 33, 30, 29, 27]
dec ->  [49, 51, 48, 50, 52]
dec ->  [31, 34, 31, 30, 28, 30, 26]
dec ->  [22, 23, 25, 23, 21, 14]
dec ->  [90, 91, 89, 87, 87, 86]
dec ->  [56, 58, 56, 55, 55, 54, 55]
dec ->  [27, 28, 26, 24, 23, 22, 22, 16]
dec ->  [79, 80, 77, 75, 71, 70, 69]
dec ->  [75, 78, 74, 73, 71, 70, 70]
dec ->  [55, 57, 54, 52, 48, 46, 43, 39]
dec ->  [85, 87, 83, 82, 79, 76, 74, 67]
dec ->  [93, 94, 87, 84, 81]
dec ->  [24, 27, 20, 18, 20]
dec ->  [75, 77, 70, 68, 66, 62]
dec ->  [23, 24, 23, 21, 16, 13, 11, 4]
inc ->  [41, 41, 38, 36, 34]
inc ->  [43, 39, 36, 34, 33]
inc ->  [30, 26, 27, 26, 23]
inc ->  [59, 55, 58, 57, 55, 52, 49, 49]
inc ->  [27, 22, 19, 18, 16, 15]
dec ->  [32, 27, 28, 26, 23, 23]
dec ->  [73, 67, 68, 65, 61]
inc ->  [17, 20, 22, 23, 22]
dec ->  [67, 69, 70, 73, 73]
dec ->  [52, 53, 56, 59, 62, 66]
dec ->  [18, 20, 21, 22, 25, 28, 30, 35]
dec ->  [7, 8, 11, 9, 12, 14]
inc ->  [73, 75, 74, 75, 78, 79, 77]
dec ->  [34, 36, 36, 39, 41]
inc ->  [21, 22, 23, 23, 24, 26, 25]
inc ->  [74, 77, 80, 81, 84, 88, 90, 89]
inc ->  [58, 59, 64, 66, 65]
dec ->  [58, 57, 60, 61, 62, 64, 65, 66]
inc ->  [41, 39, 42, 45, 42]
inc ->  [15, 14, 17, 16, 18]
inc ->  [86, 83, 80, 82, 79]
inc ->  [38, 37, 40, 39, 39]
inc ->  [53, 51, 53, 56, 58, 61, 59, 64]
inc ->  [15, 13, 15, 18, 20, 22, 26, 25]
inc ->  [13, 12, 18, 19, 17]
dec ->  [15, 15, 17, 18, 20, 22, 24]
inc ->  [7, 7, 10, 13, 16, 15]
inc ->  [38, 38, 37, 40, 42, 39]
inc ->  [43, 43, 45, 46, 50, 48]
inc ->  [81, 81, 83, 86, 88, 94, 96, 95]
inc ->  [5, 9, 11, 13, 16, 15]
inc ->  [71, 75, 78, 79, 81, 80, 83]
inc ->  [15, 19, 22, 19, 21, 19]
inc ->  [21, 25, 29, 31, 28]
inc ->  [29, 33, 40, 42, 41]
dec ->  [81, 86, 83, 86, 89, 90, 91, 89]
inc ->  [57, 64, 67, 68, 70, 73, 71, 75]
inc ->  [69, 74, 77, 77, 80, 79]
inc ->  [48, 53, 55, 58, 61, 65, 67, 66]
inc ->  [16, 23, 29, 32, 34, 37, 35]
inc ->  [31, 29, 27, 26, 23, 20, 19, 21]
inc ->  [62, 60, 58, 56, 55, 53, 53]
inc ->  [10, 8, 5, 3, 6, 4, 2]
inc ->  [29, 27, 25, 25, 24]
inc ->  [11, 14, 12, 10, 8]
dec ->  [11, 13, 11, 8, 6, 5, 8]
dec ->  [82, 85, 82, 81, 81]
dec ->  [70, 73, 71, 69, 65]
dec ->  [76, 77, 76, 73, 68]
dec ->  [29, 30, 28, 26, 29, 28]
dec ->  [94, 97, 98, 95, 96]
dec ->  [46, 48, 45, 42, 40, 43, 40, 40]
dec ->  [77, 78, 80, 78, 76, 72]
dec ->  [21, 22, 19, 16, 19, 12]
dec ->  [96, 97, 94, 91, 91, 90, 87, 86]
dec ->  [97, 98, 95, 95, 93, 92, 92]
dec ->  [93, 95, 92, 90, 88, 86, 86, 82]
dec ->  [21, 22, 22, 19, 14]
dec ->  [32, 33, 30, 26, 24]
dec ->  [56, 57, 53, 51, 50, 47, 49]
dec ->  [42, 45, 42, 39, 35, 34, 34]
dec ->  [49, 52, 50, 46, 42]
dec ->  [37, 39, 35, 33, 30, 24]
dec ->  [85, 87, 81, 78, 75]
dec ->  [66, 68, 65, 64, 61, 55, 55]
dec ->  [87, 89, 87, 81, 78, 74]
dec ->  [42, 45, 40, 37, 35, 30]
inc ->  [68, 68, 67, 64, 62, 60]
dec ->  [36, 36, 37, 35, 35]
inc ->  [56, 52, 51, 49, 48, 46]
inc ->  [21, 14, 12, 10, 9, 6, 4]
dec ->  [66, 60, 61, 59, 56]
dec ->  [86, 83, 85, 82, 79, 74]
inc ->  [71, 71, 78, 80, 78]
inc ->  [57, 61, 64, 62, 63, 60]
dec ->  [69, 71, 69, 68, 66, 63, 56, 52]
dec ->  [78, 75, 77, 80, 81, 82]
inc ->  [60, 63, 66, 70, 73, 71]
dec ->  [87, 89, 87, 85, 83, 82, 79, 73]
dec ->  [38, 39, 38, 36, 32, 35]
dec ->  [81, 82, 81, 84, 85]
inc ->  [2, 2, 3, 5, 4, 8]
inc ->  [35, 33, 32, 31, 30, 27]
dec ->  [25, 26, 28, 31, 32, 35, 37]
inc ->  [41, 40, 37, 36, 35, 33]
dec ->  [64, 65, 68, 69, 70]
dec ->  [16, 18, 20, 21, 24, 25, 26]
dec ->  [48, 49, 50, 51, 53]
inc ->  [14, 13, 12, 10, 7, 6, 5]
inc ->  [52, 50, 47, 44, 43, 40, 37, 36]
dec ->  [50, 51, 53, 54, 55, 57]
dec ->  [7, 10, 13, 15, 17, 19, 22, 25]
inc ->  [99, 98, 97, 94, 93]
inc ->  [55, 54, 52, 50, 49, 48, 47, 45]
dec ->  [53, 56, 59, 60, 63, 65, 67, 68]
inc ->  [82, 80, 77, 76, 73, 70]
inc ->  [79, 78, 75, 74, 71, 70, 69, 67]
inc ->  [89, 86, 84, 81, 79]
dec ->  [13, 14, 17, 20, 22, 25, 28, 31]
inc ->  [91, 88, 86, 83, 80, 78, 75, 74]
inc ->  [99, 98, 95, 93, 91, 89]
inc ->  [56, 53, 52, 49, 46]
dec ->  [52, 53, 55, 56, 57, 58, 60, 62]
dec ->  [38, 39, 42, 43, 45, 46]
dec ->  [79, 82, 83, 86, 88, 90]
dec ->  [74, 75, 78, 81, 83, 84, 86, 87]
inc ->  [92, 90, 87, 85, 82, 81, 78]
inc ->  [55, 52, 50, 48, 45, 43]
dec ->  [79, 82, 84, 87, 88]
inc ->  [67, 65, 64, 62, 59, 57]
dec ->  [86, 88, 89, 90, 92, 95]
inc ->  [32, 31, 28, 25, 22]
dec ->  [49, 51, 52, 53, 54, 56, 59]
dec ->  [19, 20, 22, 24, 27, 30]
inc ->  [65, 62, 60, 57, 54, 53, 50]
inc ->  [43, 41, 40, 39, 36, 35]
dec ->  [15, 18, 20, 21, 24]
inc ->  [99, 96, 94, 92, 89]
dec ->  [42, 45, 46, 48, 50, 52, 55, 57]
inc ->  [97, 95, 93, 90, 88]
dec ->  [44, 45, 46, 49, 50, 51, 53, 54]
inc ->  [87, 85, 82, 79, 78, 75, 73, 70]
inc ->  [92, 90, 89, 87, 86, 85]
dec ->  [32, 33, 35, 37, 38, 39]
dec ->  [47, 49, 52, 54, 56, 57, 59]
inc ->  [90, 88, 85, 82, 79]
inc ->  [78, 75, 74, 72, 71, 70, 69, 67]
inc ->  [71, 69, 68, 67, 64, 63]
inc ->  [71, 70, 68, 67, 65, 63]
dec ->  [52, 54, 56, 57, 58, 61]
inc ->  [40, 37, 35, 32, 29, 28, 26, 25]
dec ->  [41, 43, 44, 45, 46, 47, 49]
inc ->  [65, 64, 62, 60, 57, 54]
inc ->  [34, 31, 30, 28, 26, 25]
inc ->  [48, 45, 44, 41, 39, 36, 35]
dec ->  [56, 59, 61, 63, 64, 66, 69, 70]
inc ->  [56, 53, 51, 48, 47]
dec ->  [33, 36, 39, 40, 42, 43, 45, 46]
inc ->  [56, 55, 54, 52, 50, 47]
dec ->  [58, 61, 63, 65, 68, 69]
dec ->  [75, 77, 78, 79, 80]
dec ->  [17, 18, 21, 24, 26]
dec ->  [28, 31, 34, 35, 36, 39, 41, 43]
inc ->  [58, 56, 53, 52, 50, 48, 46, 43]
inc ->  [35, 32, 30, 27, 25]
dec ->  [34, 36, 37, 39, 40, 43]
inc ->  [22, 20, 17, 16, 15, 12]
dec ->  [10, 13, 15, 17, 20, 22]
inc ->  [95, 94, 93, 90, 88, 86, 84]
inc ->  [52, 49, 47, 46, 45, 42, 40, 37]
dec ->  [13, 14, 17, 20, 22, 24]
inc ->  [34, 33, 32, 30, 27]
inc ->  [15, 13, 10, 9, 6, 3, 2, 1]
dec ->  [5, 7, 8, 11, 13, 14]
inc ->  [31, 29, 26, 24, 22, 21, 18, 17]
dec ->  [40, 43, 45, 48, 51]
inc ->  [25, 24, 23, 21, 20, 19, 17, 16]
dec ->  [65, 68, 70, 72, 73, 76]
dec ->  [56, 58, 59, 61, 64]
dec ->  [12, 13, 14, 17, 20, 21, 23]
inc ->  [76, 74, 72, 70, 67]
dec ->  [22, 23, 26, 27, 28, 30, 32]
inc ->  [63, 60, 57, 55, 54]
dec ->  [37, 40, 43, 45, 48, 49, 52]
dec ->  [89, 91, 94, 96, 97, 98, 99]
dec ->  [70, 73, 74, 77, 80, 83, 85]
inc ->  [41, 38, 36, 35, 33, 30]
dec ->  [55, 57, 59, 62, 65, 66, 69, 70]
inc ->  [32, 31, 29, 27, 26, 23, 20]
inc ->  [54, 51, 49, 48, 46, 45, 42]
inc ->  [24, 21, 20, 18, 17, 15, 13]
dec ->  [74, 75, 76, 78, 79]
dec ->  [7, 10, 11, 14, 16]
inc ->  [62, 60, 57, 54, 53]
dec ->  [32, 35, 36, 39, 42, 43, 44, 47]
inc ->  [53, 50, 47, 46, 44, 42, 40, 39]
inc ->  [69, 68, 65, 64, 63]
inc ->  [70, 68, 66, 63, 62]
dec ->  [31, 32, 35, 36, 38, 40, 42]
inc ->  [23, 21, 20, 19, 16, 15, 13, 11]
inc ->  [96, 94, 91, 90, 89, 87]
inc ->  [24, 23, 21, 20, 18, 16, 13]
inc ->  [62, 59, 58, 55, 53]
dec ->  [38, 39, 40, 43, 45, 46, 47]
inc ->  [51, 48, 45, 44, 43, 42, 40]
dec ->  [71, 72, 74, 75, 78, 80]
inc ->  [32, 29, 28, 25, 23, 20, 19, 17]
inc ->  [71, 69, 66, 63, 60]
inc ->  [45, 43, 40, 37, 36, 34, 32]
dec ->  [22, 24, 25, 26, 28]
dec ->  [87, 89, 90, 91, 93, 94, 95]
inc ->  [39, 36, 34, 31, 28, 26]
inc ->  [86, 83, 80, 78, 77, 74, 72, 70]
dec ->  [1, 3, 5, 6, 7]
inc ->  [66, 63, 61, 59, 56]
inc ->  [20, 19, 16, 14, 11, 9, 6, 5]
inc ->  [72, 70, 69, 66, 64, 63, 62]
dec ->  [61, 63, 64, 66, 68]
inc ->  [32, 31, 29, 27, 25, 24, 21]
inc ->  [74, 73, 71, 68, 67, 65]
inc ->  [29, 28, 26, 23, 20, 18]
inc ->  [20, 17, 16, 14, 11]
inc ->  [81, 80, 78, 76, 75, 72]
dec ->  [53, 55, 58, 60, 62, 65, 67]
inc ->  [20, 18, 15, 13, 12, 9, 7]
dec ->  [27, 30, 33, 35, 38]
dec ->  [38, 41, 44, 47, 48, 49, 52, 54]
dec ->  [62, 65, 66, 68, 70, 73, 74]
dec ->  [8, 11, 13, 15, 18, 20, 21]
inc ->  [50, 47, 44, 43, 42]
inc ->  [84, 83, 82, 80, 77, 74, 72, 71]
inc ->  [70, 67, 65, 62, 59]
inc ->  [27, 25, 23, 22, 21, 20, 17, 15]
dec ->  [3, 4, 5, 6, 9]
dec ->  [47, 50, 52, 55, 56, 58, 60, 63]
inc ->  [91, 90, 88, 86, 84]
dec ->  [8, 10, 11, 13, 14]
dec ->  [86, 87, 90, 92, 94, 96, 98, 99]
inc ->  [44, 42, 40, 37, 34, 31, 29]
inc ->  [19, 18, 17, 14, 13, 12]
dec ->  [23, 25, 28, 31, 34, 35, 37, 40]
dec ->  [45, 46, 49, 50, 52, 53]
dec ->  [84, 87, 90, 92, 94]
dec ->  [1, 3, 4, 6, 9]
inc ->  [21, 19, 17, 16, 14, 11]
inc ->  [68, 66, 64, 62, 61]
dec ->  [61, 64, 65, 67, 69, 72, 75, 77]
inc ->  [67, 65, 62, 61, 60]
inc ->  [67, 66, 63, 60, 58, 56, 54]
dec ->  [83, 84, 86, 88, 90]
dec ->  [15, 17, 18, 20, 21, 22, 23]
dec ->  [61, 63, 64, 65, 68, 69, 70, 71]
dec ->  [85, 86, 88, 89, 91, 93, 96]
dec ->  [92, 95, 96, 97, 99]
dec ->  [13, 16, 18, 19, 20, 22, 24]
dec ->  [84, 85, 88, 91, 92, 94, 97]
dec ->  [9, 11, 13, 16, 18, 20, 22, 23]
dec ->  [65, 67, 69, 70, 72, 75]
inc ->  [67, 66, 65, 64, 63, 60]
inc ->  [79, 77, 74, 73, 72, 71, 70]
inc ->  [23, 21, 20, 19, 16, 15, 12]
inc ->  [70, 68, 66, 65, 62]
dec ->  [75, 77, 79, 80, 81, 82, 84, 87]
inc ->  [88, 87, 86, 84, 81, 79, 77, 74]
dec ->  [7, 10, 11, 13, 14]
dec ->  [57, 60, 61, 63, 66, 69, 71, 74]
inc ->  [58, 55, 54, 51, 50, 47, 44, 43]
inc ->  [82, 81, 78, 76, 73, 72, 69, 67]
inc ->  [36, 34, 33, 32, 29]
dec ->  [80, 82, 83, 86, 89, 90, 92]
dec ->  [73, 76, 78, 80, 83, 85, 88]
inc ->  [97, 94, 91, 89, 88, 86]
dec ->  [14, 17, 20, 23, 26, 29, 31, 32]
inc ->  [81, 80, 78, 76, 73, 71, 70, 69]
inc ->  [53, 52, 51, 50, 47, 46]
dec ->  [41, 44, 47, 50, 51]
inc ->  [18, 15, 13, 12, 9, 7, 5]
dec ->  [31, 34, 36, 37, 38]
inc ->  [94, 91, 88, 86, 84, 82, 80, 79]
dec ->  [19, 22, 25, 28, 31, 34]
dec ->  [15, 18, 20, 22, 23, 25, 26]
inc ->  [27, 24, 21, 19, 16, 14]
inc ->  [51, 49, 47, 44, 41, 39]
inc ->  [70, 68, 65, 64, 61, 60]
inc ->  [82, 81, 78, 77, 76, 73, 72, 71]
dec ->  [36, 37, 39, 42, 44, 45, 47]
dec ->  [30, 32, 33, 35, 37, 40, 43, 46]
inc ->  [76, 74, 71, 69, 66, 65]
inc ->  [52, 51, 50, 48, 46, 43, 41]
inc ->  [93, 92, 90, 89, 86]
inc ->  [64, 63, 61, 59, 56]
dec ->  [30, 31, 33, 36, 38]
inc ->  [20, 17, 14, 13, 11, 8, 5, 4]
inc ->  [27, 26, 24, 22, 21, 18]
inc ->  [31, 30, 29, 28, 26, 25, 22]
dec ->  [35, 38, 39, 40, 42]
dec ->  [41, 42, 45, 48, 50, 53]
dec ->  [88, 91, 92, 94, 97]
dec ->  [66, 68, 69, 72, 74, 75, 76, 79]
dec ->  [24, 26, 27, 30, 31]
inc ->  [65, 62, 60, 58, 56, 53, 52]
dec ->  [61, 63, 66, 69, 71]
inc ->  [75, 72, 71, 69, 66]
dec ->  [39, 41, 43, 46, 47, 50, 51]
inc ->  [99, 98, 96, 95, 92, 89]
inc ->  [75, 72, 71, 69, 68]
inc ->  [98, 95, 93, 92, 91, 90, 87]
inc ->  [48, 45, 44, 41, 40, 37]
inc ->  [37, 35, 34, 31, 30, 29, 26]
dec ->  [58, 59, 61, 63, 66]
dec ->  [45, 47, 48, 49, 51, 54]
dec ->  [40, 42, 45, 48, 49, 52]
dec ->  [63, 65, 68, 70, 71, 72, 74]
inc ->  [52, 50, 49, 47, 46]
dec ->  [30, 31, 33, 34, 36, 39, 40]
inc ->  [53, 50, 47, 44, 43, 42, 41, 39]
inc ->  [21, 18, 17, 15, 14, 12, 10, 9]
dec ->  [57, 60, 62, 63, 64, 66]
dec ->  [36, 39, 41, 44, 45, 46, 47, 49]
dec ->  [74, 77, 80, 81, 84, 87, 90]
dec ->  [83, 84, 87, 88, 89, 91, 92, 94]
inc ->  [73, 71, 68, 67, 66, 64, 61, 60]
dec ->  [18, 20, 23, 24, 26, 28, 31]
inc ->  [89, 87, 85, 82, 81, 80, 77]
inc ->  [95, 93, 91, 88, 87, 85]
dec ->  [48, 49, 52, 55, 57, 58, 60, 62]